0	0	0.5
1	0.01	0.503989356
2	0.02	0.507978314
3	0.03	0.511966473
4	0.04	0.515953437
5	0.05	0.519938806
6	0.06	0.523922183
7	0.07	0.52790317
8	0.08	0.531881372
9	0.09	0.535856393
10	0.1	0.539827837
11	0.11	0.543795313
12	0.12	0.547758426
13	0.13	0.551716787
14	0.14	0.555670005
15	0.15	0.559617692
16	0.16	0.563559463
17	0.17	0.567494932
18	0.18	0.571423716
19	0.19	0.575345435
20	0.2	0.579259709
21	0.21	0.583166163
22	0.22	0.587064423
23	0.23	0.590954115
24	0.24	0.594834872
25	0.25	0.598706326
26	0.26	0.602568113
27	0.27	0.606419873
28	0.28	0.610261248
29	0.29	0.614091881
30	0.3	0.617911422
31	0.31	0.621719522
32	0.32	0.625515835
33	0.33	0.629300019
34	0.34	0.633071736
35	0.35	0.636830651
36	0.36	0.640576433
37	0.37	0.644308755
38	0.38	0.648027292
39	0.39	0.651731727
40	0.4	0.655421742
41	0.41	0.659097026
42	0.42	0.662757273
43	0.43	0.666402179
44	0.44	0.670031446
45	0.45	0.67364478
46	0.46	0.67724189
47	0.47	0.680822491
48	0.48	0.684386303
49	0.49	0.687933051
50	0.5	0.691462461
51	0.51	0.694974269
52	0.52	0.698468212
53	0.53	0.701944035
54	0.54	0.705401484
55	0.55	0.708840313
56	0.56	0.712260281
57	0.57	0.715661151
58	0.58	0.719042691
59	0.59	0.722404675
60	0.6	0.725746882
61	0.61	0.729069096
62	0.62	0.732371107
63	0.63	0.735652708
64	0.64	0.7389137
65	0.65	0.742153889
66	0.66	0.745373085
67	0.67	0.748571105
68	0.68	0.75174777
69	0.69	0.754902906
70	0.7	0.758036348
71	0.71	0.761147932
72	0.72	0.764237502
73	0.73	0.767304908
74	0.74	0.770350003
75	0.75	0.773372648
76	0.76	0.776372708
77	0.77	0.779350054
78	0.78	0.782304562
79	0.79	0.785236116
80	0.8	0.788144601
81	0.81	0.791029912
82	0.82	0.793891946
83	0.83	0.796730608
84	0.84	0.799545807
85	0.85	0.802337457
86	0.86	0.805105479
87	0.87	0.807849798
88	0.88	0.810570345
89	0.89	0.813267057
90	0.9	0.815939875
91	0.91	0.818588745
92	0.92	0.82121362
93	0.93	0.823814458
94	0.94	0.82639122
95	0.95	0.828943874
96	0.96	0.831472393
97	0.97	0.833976754
98	0.98	0.836456941
99	0.99	0.83891294
100	1	0.841344746
101	1.01	0.843752355
102	1.02	0.84613577
103	1.03	0.848494997
104	1.04	0.85083005
105	1.05	0.853140944
106	1.06	0.8554277
107	1.07	0.857690346
108	1.08	0.85992891
109	1.09	0.862143428
110	1.1	0.864333939
111	1.11	0.866500487
112	1.12	0.868643119
113	1.13	0.870761888
114	1.14	0.872856849
115	1.15	0.874928064
116	1.16	0.876975597
117	1.17	0.878999516
118	1.18	0.880999893
119	1.19	0.882976804
120	1.2	0.88493033
121	1.21	0.886860554
122	1.22	0.888767563
123	1.23	0.890651448
124	1.24	0.892512303
125	1.25	0.894350226
126	1.26	0.896165319
127	1.27	0.897957685
128	1.28	0.899727432
129	1.29	0.901474671
130	1.3	0.903199515
131	1.31	0.904902082
132	1.32	0.906582491
133	1.33	0.908240864
134	1.34	0.909877328
135	1.35	0.911492009
136	1.36	0.913085038
137	1.37	0.914656549
138	1.38	0.916206678
139	1.39	0.917735561
140	1.4	0.919243341
141	1.41	0.920730159
142	1.42	0.922196159
143	1.43	0.92364149
144	1.44	0.9250663
145	1.45	0.92647074
146	1.46	0.927854963
147	1.47	0.929219123
148	1.48	0.930563377
149	1.49	0.931887882
150	1.5	0.933192799
151	1.51	0.934478288
152	1.52	0.935744512
153	1.53	0.936991636
154	1.54	0.938219823
155	1.55	0.939429242
156	1.56	0.940620059
157	1.57	0.941792444
158	1.58	0.942946567
159	1.59	0.944082597
160	1.6	0.945200708
161	1.61	0.946301072
162	1.62	0.947383862
163	1.63	0.948449252
164	1.64	0.949497417
165	1.65	0.950528532
166	1.66	0.951542774
167	1.67	0.952540318
168	1.68	0.953521342
169	1.69	0.954486023
170	1.7	0.955434537
171	1.71	0.956367063
172	1.72	0.957283779
173	1.73	0.958184862
174	1.74	0.959070491
175	1.75	0.959940843
176	1.76	0.960796097
177	1.77	0.96163643
178	1.78	0.96246202
179	1.79	0.963273044
180	1.8	0.964069681
181	1.81	0.964852106
182	1.82	0.965620498
183	1.83	0.966375031
184	1.84	0.967115881
185	1.85	0.967843225
186	1.86	0.968557237
187	1.87	0.969258091
188	1.88	0.969945961
189	1.89	0.97062102
190	1.9	0.97128344
191	1.91	0.971933393
192	1.92	0.97257105
193	1.93	0.973196581
194	1.94	0.973810155
195	1.95	0.97441194
196	1.96	0.975002105
197	1.97	0.975580815
198	1.98	0.976148236
199	1.99	0.976704532
200	2	0.977249868
201	2.01	0.977784406
202	2.02	0.978308306
203	2.03	0.97882173
204	2.04	0.979324837
205	2.05	0.979817785
206	2.06	0.98030073
207	2.07	0.980773828
208	2.08	0.981237234
209	2.09	0.9816911
210	2.1	0.982135579
211	2.11	0.982570822
212	2.12	0.982996977
213	2.13	0.983414193
214	2.14	0.983822617
215	2.15	0.984222393
216	2.16	0.984613665
217	2.17	0.984996577
218	2.18	0.985371269
219	2.19	0.985737882
220	2.2	0.986096552
221	2.21	0.986447419
222	2.22	0.986790616
223	2.23	0.987126279
224	2.24	0.987454539
225	2.25	0.987775527
226	2.26	0.988089375
227	2.27	0.988396208
228	2.28	0.988696156
229	2.29	0.988989342
230	2.3	0.98927589
231	2.31	0.989555923
232	2.32	0.989829561
233	2.33	0.990096924
234	2.34	0.99035813
235	2.35	0.990613294
236	2.36	0.990862532
237	2.37	0.991105957
238	2.38	0.991343681
239	2.39	0.991575814
240	2.4	0.991802464
241	2.41	0.99202374
242	2.42	0.992239746
243	2.43	0.992450589
244	2.44	0.992656369
245	2.45	0.992857189
246	2.46	0.993053149
247	2.47	0.993244347
248	2.48	0.993430881
249	2.49	0.993612845
250	2.5	0.993790335
251	2.51	0.993963442
252	2.52	0.994132258
253	2.53	0.994296874
254	2.54	0.994457377
255	2.55	0.994613854
256	2.56	0.994766392
257	2.57	0.994915074
258	2.58	0.995059984
259	2.59	0.995201203
260	2.6	0.995338812
261	2.61	0.995472889
262	2.62	0.995603512
263	2.63	0.995730757
264	2.64	0.995854699
265	2.65	0.995975411
266	2.66	0.996092967
267	2.67	0.996207438
268	2.68	0.996318892
269	2.69	0.996427399
270	2.7	0.996533026
271	2.71	0.99663584
272	2.72	0.996735904
273	2.73	0.996833284
274	2.74	0.996928041
275	2.75	0.997020237
276	2.76	0.997109932
277	2.77	0.997197185
278	2.78	0.997282055
279	2.79	0.997364598
280	2.8	0.99744487
281	2.81	0.997522925
282	2.82	0.997598818
283	2.83	0.9976726
284	2.84	0.997744323
285	2.85	0.997814039
286	2.86	0.997881795
287	2.87	0.997947641
288	2.88	0.998011624
289	2.89	0.998073791
290	2.9	0.998134187
291	2.91	0.998192856
292	2.92	0.998249843
293	2.93	0.99830519
294	2.94	0.998358939
295	2.95	0.99841113
296	2.96	0.998461805
297	2.97	0.998511001
298	2.98	0.998558758
299	2.99	0.998605113
300	3	0.998650102
301	3.01	0.998693762
302	3.02	0.998736127
303	3.03	0.998777231
304	3.04	0.998817109
305	3.05	0.998855793
306	3.06	0.998893315
307	3.07	0.998929706
308	3.08	0.998964997
309	3.09	0.998999218
310	3.1	0.999032397
311	3.11	0.999064563
312	3.12	0.999095745
313	3.13	0.999125968
314	3.14	0.999155261
315	3.15	0.999183648
316	3.16	0.999211154
317	3.17	0.999237805
318	3.18	0.999263625
319	3.19	0.999288636
320	3.2	0.999312862
321	3.21	0.999336325
322	3.22	0.999359047
323	3.23	0.999381049
324	3.24	0.999402352
325	3.25	0.999422975
326	3.26	0.999442939
327	3.27	0.999462263
328	3.28	0.999480965
329	3.29	0.999499063
330	3.3	0.999516576
331	3.31	0.99953352
332	3.32	0.999549913
333	3.33	0.99956577
334	3.34	0.999581108
335	3.35	0.999595942
336	3.36	0.999610288
337	3.37	0.999624159
338	3.38	0.999637571
339	3.39	0.999650537
340	3.4	0.999663071
341	3.41	0.999675186
342	3.42	0.999686894
343	3.43	0.999698209
344	3.44	0.999709143
345	3.45	0.999719707
346	3.46	0.999729912
347	3.47	0.999739771
348	3.48	0.999749293
349	3.49	0.99975849
350	3.5	0.999767371
351	3.51	0.999775947
352	3.52	0.999784227
353	3.53	0.99979222
354	3.54	0.999799936
355	3.55	0.999807384
356	3.56	0.999814573
357	3.57	0.999821509
358	3.58	0.999828203
359	3.59	0.999834661
360	3.6	0.999840891
361	3.61	0.999846901
362	3.62	0.999852698
363	3.63	0.999858289
364	3.64	0.999863681
365	3.65	0.99986888
366	3.66	0.999873892
367	3.67	0.999878725
368	3.68	0.999883383
369	3.69	0.999887873
370	3.7	0.9998922
371	3.71	0.99989637
372	3.72	0.999900389
373	3.73	0.99990426
374	3.74	0.99990799
375	3.75	0.999911583
376	3.76	0.999915043
377	3.77	0.999918376
378	3.78	0.999921586
379	3.79	0.999924676
380	3.8	0.999927652
381	3.81	0.999930517
382	3.82	0.999933274
383	3.83	0.999935928
384	3.84	0.999938483
385	3.85	0.999940941
386	3.86	0.999943306
387	3.87	0.999945582
388	3.88	0.999947772
389	3.89	0.999949878
390	3.9	0.999951904
391	3.91	0.999953852
392	3.92	0.999955726
393	3.93	0.999957527
394	3.94	0.999959259
395	3.95	0.999960924
396	3.96	0.999962525
397	3.97	0.999964064
398	3.98	0.999965542
399	3.99	0.999966963
400	4	0.999968329
401	4.01	0.999969641
402	4.02	0.999970901
403	4.03	0.999972112
404	4.04	0.999973274
405	4.05	0.999974391
406	4.06	0.999975464
407	4.07	0.999976493
408	4.08	0.999977482
409	4.09	0.999978431
410	4.1	0.999979342
411	4.11	0.999980217
412	4.12	0.999981056
413	4.13	0.999981862
414	4.14	0.999982635
415	4.15	0.999983376
416	4.16	0.999984088
417	4.17	0.99998477
418	4.18	0.999985425
419	4.19	0.999986052